/*****
*
*   LEGAL NOTICE:
*
*      This code is free for non-commercial use only.
*      For any other use, please contact the authors.
*
*
*
*
*   Authors: Jianghao Chang, Benoit Alain
*
*   Contact (paper): jianghao.chang@umontreal.ca
*   Contact (code): benoit.alain@gmail.com
*
*****/


#ifndef _SAED__CALIBSTD_H_
#define _SAED__CALIBSTD_H_

/** \file calibstd.h
 *
 *  Precomputed data tables for the no-structure standard behavior
 *  of our system are given in this pseudo header file.
 */

// The standard coefficients given here qualify tones on a scale of 0 through 255
#if NUM_TONE != 256
#error "Static calibration of the standard coefficients and threshold require the number of tones to be 256."
#endif

/// Traversal-order-specific diffusion coefficients yielding optimal halftoning results in slow-varying image regions.
/// Calibration and meaning are similar to that found in:
///		Ostromoukhov, V.  2001.  A simple and efficient error-diffusion algorithm.
///		In Proceedings of ACM SIGGRAPH 2001, Computer Graphics Proceedings, Annual Conference Series, 567-572.
const float STANDARD_DIFFUSION_COEFFICIENT[NUM_TONE][4] = {
	// right-top,  right, right-bottom,  bottom
	// (1, -1)    (1, 0)      (1, 1)     (0, 1)
	{ 0.555000f, 0.255000f, 0.015000f, 0.175000f },		// 0
	{ 0.555000f, 0.255000f, 0.015000f, 0.175000f },		// 1
	{ 0.492500f, 0.260000f, 0.080000f, 0.167500f },		// 2
	{ 0.430000f, 0.235000f, 0.005000f, 0.330000f },		// 3
	{ 0.407500f, 0.236250f, 0.003750f, 0.352500f },		// 4
	{ 0.398920f, 0.222870f, 0.020458f, 0.357752f },		// 5
	{ 0.390330f, 0.209500f, 0.037167f, 0.363003f },		// 6
	{ 0.381750f, 0.196130f, 0.053875f, 0.368245f },		// 7
	{ 0.373170f, 0.182750f, 0.070583f, 0.373497f },		// 8
	{ 0.364580f, 0.169380f, 0.087292f, 0.378748f },		// 9
	{ 0.356000f, 0.156000f, 0.104000f, 0.384000f },		// 10
	{ 0.351000f, 0.153330f, 0.102670f, 0.393000f },		// 11
	{ 0.346000f, 0.150670f, 0.101330f, 0.402000f },		// 12
	{ 0.341000f, 0.148000f, 0.100000f, 0.411000f },		// 13
	{ 0.336000f, 0.145330f, 0.098667f, 0.420003f },		// 14
	{ 0.331000f, 0.142670f, 0.097333f, 0.428997f },		// 15
	{ 0.326000f, 0.140000f, 0.096000f, 0.438000f },		// 16
	{ 0.321000f, 0.137330f, 0.094667f, 0.447003f },		// 17
	{ 0.316000f, 0.134670f, 0.093333f, 0.455997f },		// 18
	{ 0.311000f, 0.132000f, 0.092000f, 0.465000f },		// 19
	{ 0.306000f, 0.129330f, 0.090667f, 0.474003f },		// 20
	{ 0.301000f, 0.126670f, 0.089333f, 0.482997f },		// 21
	{ 0.296000f, 0.124000f, 0.088000f, 0.492000f },		// 22
	{ 0.284400f, 0.142600f, 0.089200f, 0.483800f },		// 23
	{ 0.272800f, 0.161200f, 0.090400f, 0.475600f },		// 24
	{ 0.261200f, 0.179800f, 0.091600f, 0.467400f },		// 25
	{ 0.249600f, 0.198400f, 0.092800f, 0.459200f },		// 26
	{ 0.238000f, 0.217000f, 0.094000f, 0.451000f },		// 27
	{ 0.226400f, 0.235600f, 0.095200f, 0.442800f },		// 28
	{ 0.214800f, 0.254200f, 0.096400f, 0.434600f },		// 29
	{ 0.203200f, 0.272800f, 0.097600f, 0.426400f },		// 30
	{ 0.191600f, 0.291400f, 0.098800f, 0.418200f },		// 31
	{ 0.180000f, 0.310000f, 0.100000f, 0.410000f },		// 32
	{ 0.185330f, 0.304000f, 0.094833f, 0.415837f },		// 33
	{ 0.190670f, 0.298000f, 0.089667f, 0.421663f },		// 34
	{ 0.196000f, 0.292000f, 0.084500f, 0.427500f },		// 35
	{ 0.201330f, 0.286000f, 0.079333f, 0.433337f },		// 36
	{ 0.206670f, 0.280000f, 0.074167f, 0.439163f },		// 37
	{ 0.212000f, 0.274000f, 0.069000f, 0.445000f },		// 38
	{ 0.217330f, 0.268000f, 0.063833f, 0.450837f },		// 39
	{ 0.222670f, 0.262000f, 0.058667f, 0.456663f },		// 40
	{ 0.228000f, 0.256000f, 0.053500f, 0.462500f },		// 41
	{ 0.233330f, 0.250000f, 0.048333f, 0.468337f },		// 42
	{ 0.238670f, 0.244000f, 0.043167f, 0.474163f },		// 43
	{ 0.244000f, 0.238000f, 0.038000f, 0.480000f },		// 44
	{ 0.239300f, 0.240100f, 0.036600f, 0.484000f },		// 45
	{ 0.234600f, 0.242200f, 0.035200f, 0.488000f },		// 46
	{ 0.229900f, 0.244300f, 0.033800f, 0.492000f },		// 47
	{ 0.225200f, 0.246400f, 0.032400f, 0.496000f },		// 48
	{ 0.220500f, 0.248500f, 0.031000f, 0.500000f },		// 49
	{ 0.215800f, 0.250600f, 0.029600f, 0.504000f },		// 50
	{ 0.211100f, 0.252700f, 0.028200f, 0.508000f },		// 51
	{ 0.206400f, 0.254800f, 0.026800f, 0.512000f },		// 52
	{ 0.201700f, 0.256900f, 0.025400f, 0.516000f },		// 53
	{ 0.197000f, 0.259000f, 0.024000f, 0.520000f },		// 54
	{ 0.192300f, 0.261100f, 0.022600f, 0.524000f },		// 55
	{ 0.187600f, 0.263200f, 0.021200f, 0.528000f },		// 56
	{ 0.182900f, 0.265300f, 0.019800f, 0.532000f },		// 57
	{ 0.178200f, 0.267400f, 0.018400f, 0.536000f },		// 58
	{ 0.173500f, 0.269500f, 0.017000f, 0.540000f },		// 59
	{ 0.168800f, 0.271600f, 0.015600f, 0.544000f },		// 60
	{ 0.164100f, 0.273700f, 0.014200f, 0.548000f },		// 61
	{ 0.159400f, 0.275800f, 0.012800f, 0.552000f },		// 62
	{ 0.154700f, 0.277900f, 0.011400f, 0.556000f },		// 63
	{ 0.150000f, 0.280000f, 0.010000f, 0.560000f },		// 64
	{ 0.165000f, 0.262500f, 0.007500f, 0.565000f },		// 65
	{ 0.172500f, 0.253750f, 0.006250f, 0.567500f },		// 66
	{ 0.180000f, 0.245000f, 0.005000f, 0.570000f },		// 67
	{ 0.187500f, 0.236250f, 0.003750f, 0.572500f },		// 68
	{ 0.195000f, 0.227500f, 0.002500f, 0.575000f },		// 69
	{ 0.202500f, 0.218750f, 0.001250f, 0.577500f },		// 70
	{ 0.210000f, 0.210000f, 0.000000f, 0.580000f },		// 71
	{ 0.210000f, 0.210000f, 0.000000f, 0.580000f },		// 72
	{ 0.194000f, 0.254000f, 0.056000f, 0.496000f },		// 73
	{ 0.186000f, 0.276000f, 0.084000f, 0.454000f },		// 74
	{ 0.178000f, 0.298000f, 0.112000f, 0.412000f },		// 75
	{ 0.170000f, 0.320000f, 0.140000f, 0.370000f },		// 76
	{ 0.170000f, 0.320000f, 0.140000f, 0.370000f },		// 77
	{ 0.162500f, 0.302500f, 0.167500f, 0.367500f },		// 78
	{ 0.158750f, 0.293750f, 0.181250f, 0.366250f },		// 79
	{ 0.155000f, 0.285000f, 0.195000f, 0.365000f },		// 80
	{ 0.151250f, 0.276250f, 0.208750f, 0.363750f },		// 81
	{ 0.147500f, 0.267500f, 0.222500f, 0.362500f },		// 82
	{ 0.143750f, 0.258750f, 0.236250f, 0.361250f },		// 83
	{ 0.140000f, 0.250000f, 0.250000f, 0.360000f },		// 84
	{ 0.140000f, 0.250000f, 0.250000f, 0.360000f },		// 85
	{ 0.136000f, 0.254000f, 0.248000f, 0.362000f },		// 86
	{ 0.134000f, 0.256000f, 0.247000f, 0.363000f },		// 87
	{ 0.132000f, 0.258000f, 0.246000f, 0.364000f },		// 88
	{ 0.130000f, 0.260000f, 0.245000f, 0.365000f },		// 89
	{ 0.128000f, 0.262000f, 0.244000f, 0.366000f },		// 90
	{ 0.126000f, 0.264000f, 0.243000f, 0.367000f },		// 91
	{ 0.124000f, 0.266000f, 0.242000f, 0.368000f },		// 92
	{ 0.122000f, 0.268000f, 0.241000f, 0.369000f },		// 93
	{ 0.120000f, 0.270000f, 0.240000f, 0.370000f },		// 94
	{ 0.120000f, 0.270000f, 0.240000f, 0.370000f },		// 95
	{ 0.120000f, 0.265000f, 0.240000f, 0.375000f },		// 96
	{ 0.120000f, 0.262500f, 0.240000f, 0.377500f },		// 97
	{ 0.120000f, 0.260000f, 0.240000f, 0.380000f },		// 98
	{ 0.120000f, 0.257500f, 0.240000f, 0.382500f },		// 99
	{ 0.120000f, 0.255000f, 0.240000f, 0.385000f },		// 100
	{ 0.120000f, 0.252500f, 0.240000f, 0.387500f },		// 101
	{ 0.120000f, 0.250000f, 0.240000f, 0.390000f },		// 102
	{ 0.128000f, 0.250000f, 0.224000f, 0.398000f },		// 103
	{ 0.132000f, 0.250000f, 0.216000f, 0.402000f },		// 104
	{ 0.136000f, 0.250000f, 0.208000f, 0.406000f },		// 105
	{ 0.140000f, 0.250000f, 0.200000f, 0.410000f },		// 106
	{ 0.140000f, 0.250000f, 0.200000f, 0.410000f },		// 107
	{ 0.124000f, 0.258000f, 0.208000f, 0.410000f },		// 108
	{ 0.116000f, 0.262000f, 0.212000f, 0.410000f },		// 109
	{ 0.108000f, 0.266000f, 0.216000f, 0.410000f },		// 110
	{ 0.100000f, 0.270000f, 0.220000f, 0.410000f },		// 111
	{ 0.100000f, 0.270000f, 0.220000f, 0.410000f },		// 112
	{ 0.101333f, 0.275333f, 0.220000f, 0.403334f },		// 113
	{ 0.102000f, 0.278000f, 0.220000f, 0.400000f },		// 114
	{ 0.102667f, 0.280667f, 0.220000f, 0.396666f },		// 115
	{ 0.103333f, 0.283333f, 0.220000f, 0.393334f },		// 116
	{ 0.104000f, 0.286000f, 0.220000f, 0.390000f },		// 117
	{ 0.104667f, 0.288667f, 0.220000f, 0.386666f },		// 118
	{ 0.105333f, 0.291333f, 0.220000f, 0.383334f },		// 119
	{ 0.106000f, 0.294000f, 0.220000f, 0.380000f },		// 120
	{ 0.106667f, 0.296667f, 0.220000f, 0.376666f },		// 121
	{ 0.107333f, 0.299333f, 0.220000f, 0.373334f },		// 122
	{ 0.108000f, 0.302000f, 0.220000f, 0.370000f },		// 123
	{ 0.108667f, 0.304667f, 0.220000f, 0.366666f },		// 124
	{ 0.109333f, 0.307333f, 0.220000f, 0.363334f },		// 125
	{ 0.110000f, 0.310000f, 0.220000f, 0.360000f },		// 126
	{ 0.110000f, 0.310000f, 0.220000f, 0.360000f },		// 127
	{ 0.110000f, 0.310000f, 0.220000f, 0.360000f },		// 128
	{ 0.110000f, 0.310000f, 0.220000f, 0.360000f },		// 129
	{ 0.109333f, 0.307333f, 0.220000f, 0.363334f },		// 130
	{ 0.108667f, 0.304667f, 0.220000f, 0.366666f },		// 131
	{ 0.108000f, 0.302000f, 0.220000f, 0.370000f },		// 132
	{ 0.107333f, 0.299333f, 0.220000f, 0.373334f },		// 133
	{ 0.106667f, 0.296667f, 0.220000f, 0.376666f },		// 134
	{ 0.106000f, 0.294000f, 0.220000f, 0.380000f },		// 135
	{ 0.105333f, 0.291333f, 0.220000f, 0.383334f },		// 136
	{ 0.104667f, 0.288667f, 0.220000f, 0.386666f },		// 137
	{ 0.104000f, 0.286000f, 0.220000f, 0.390000f },		// 138
	{ 0.103333f, 0.283333f, 0.220000f, 0.393334f },		// 139
	{ 0.102667f, 0.280667f, 0.220000f, 0.396666f },		// 140
	{ 0.102000f, 0.278000f, 0.220000f, 0.400000f },		// 141
	{ 0.101333f, 0.275333f, 0.220000f, 0.403334f },		// 142
	{ 0.100000f, 0.270000f, 0.220000f, 0.410000f },		// 143
	{ 0.100000f, 0.270000f, 0.220000f, 0.410000f },		// 144
	{ 0.108000f, 0.266000f, 0.216000f, 0.410000f },		// 145
	{ 0.116000f, 0.262000f, 0.212000f, 0.410000f },		// 146
	{ 0.124000f, 0.258000f, 0.208000f, 0.410000f },		// 147
	{ 0.140000f, 0.250000f, 0.200000f, 0.410000f },		// 148
	{ 0.140000f, 0.250000f, 0.200000f, 0.410000f },		// 149
	{ 0.136000f, 0.250000f, 0.208000f, 0.406000f },		// 150
	{ 0.132000f, 0.250000f, 0.216000f, 0.402000f },		// 151
	{ 0.128000f, 0.250000f, 0.224000f, 0.398000f },		// 152
	{ 0.120000f, 0.250000f, 0.240000f, 0.390000f },		// 153
	{ 0.120000f, 0.252500f, 0.240000f, 0.387500f },		// 154
	{ 0.120000f, 0.255000f, 0.240000f, 0.385000f },		// 155
	{ 0.120000f, 0.257500f, 0.240000f, 0.382500f },		// 156
	{ 0.120000f, 0.260000f, 0.240000f, 0.380000f },		// 157
	{ 0.120000f, 0.262500f, 0.240000f, 0.377500f },		// 158
	{ 0.120000f, 0.265000f, 0.240000f, 0.375000f },		// 159
	{ 0.120000f, 0.270000f, 0.240000f, 0.370000f },		// 160
	{ 0.120000f, 0.270000f, 0.240000f, 0.370000f },		// 161
	{ 0.122000f, 0.268000f, 0.241000f, 0.369000f },		// 162
	{ 0.124000f, 0.266000f, 0.242000f, 0.368000f },		// 163
	{ 0.126000f, 0.264000f, 0.243000f, 0.367000f },		// 164
	{ 0.128000f, 0.262000f, 0.244000f, 0.366000f },		// 165
	{ 0.130000f, 0.260000f, 0.245000f, 0.365000f },		// 166
	{ 0.132000f, 0.258000f, 0.246000f, 0.364000f },		// 167
	{ 0.134000f, 0.256000f, 0.247000f, 0.363000f },		// 168
	{ 0.136000f, 0.254000f, 0.248000f, 0.362000f },		// 169
	{ 0.140000f, 0.250000f, 0.250000f, 0.360000f },		// 170
	{ 0.140000f, 0.250000f, 0.250000f, 0.360000f },		// 171
	{ 0.143750f, 0.258750f, 0.236250f, 0.361250f },		// 172
	{ 0.147500f, 0.267500f, 0.222500f, 0.362500f },		// 173
	{ 0.151250f, 0.276250f, 0.208750f, 0.363750f },		// 174
	{ 0.155000f, 0.285000f, 0.195000f, 0.365000f },		// 175
	{ 0.158750f, 0.293750f, 0.181250f, 0.366250f },		// 176
	{ 0.162500f, 0.302500f, 0.167500f, 0.367500f },		// 177
	{ 0.170000f, 0.320000f, 0.140000f, 0.370000f },		// 178
	{ 0.170000f, 0.320000f, 0.140000f, 0.370000f },		// 179
	{ 0.178000f, 0.298000f, 0.112000f, 0.412000f },		// 180
	{ 0.186000f, 0.276000f, 0.084000f, 0.454000f },		// 181
	{ 0.194000f, 0.254000f, 0.056000f, 0.496000f },		// 182
	{ 0.210000f, 0.210000f, 0.000000f, 0.580000f },		// 183
	{ 0.210000f, 0.210000f, 0.000000f, 0.580000f },		// 184
	{ 0.202500f, 0.218750f, 0.001250f, 0.577500f },		// 185
	{ 0.195000f, 0.227500f, 0.002500f, 0.575000f },		// 186
	{ 0.187500f, 0.236250f, 0.003750f, 0.572500f },		// 187
	{ 0.180000f, 0.245000f, 0.005000f, 0.570000f },		// 188
	{ 0.172500f, 0.253750f, 0.006250f, 0.567500f },		// 189
	{ 0.165000f, 0.262500f, 0.007500f, 0.565000f },		// 190
	{ 0.150000f, 0.280000f, 0.010000f, 0.560000f },		// 191
	{ 0.154700f, 0.277900f, 0.011400f, 0.556000f },		// 192
	{ 0.159400f, 0.275800f, 0.012800f, 0.552000f },		// 193
	{ 0.164100f, 0.273700f, 0.014200f, 0.548000f },		// 194
	{ 0.168800f, 0.271600f, 0.015600f, 0.544000f },		// 195
	{ 0.173500f, 0.269500f, 0.017000f, 0.540000f },		// 196
	{ 0.178200f, 0.267400f, 0.018400f, 0.536000f },		// 197
	{ 0.182900f, 0.265300f, 0.019800f, 0.532000f },		// 198
	{ 0.187600f, 0.263200f, 0.021200f, 0.528000f },		// 199
	{ 0.192300f, 0.261100f, 0.022600f, 0.524000f },		// 200
	{ 0.197000f, 0.259000f, 0.024000f, 0.520000f },		// 201
	{ 0.201700f, 0.256900f, 0.025400f, 0.516000f },		// 202
	{ 0.206400f, 0.254800f, 0.026800f, 0.512000f },		// 203
	{ 0.211100f, 0.252700f, 0.028200f, 0.508000f },		// 204
	{ 0.215800f, 0.250600f, 0.029600f, 0.504000f },		// 205
	{ 0.220500f, 0.248500f, 0.031000f, 0.500000f },		// 206
	{ 0.225200f, 0.246400f, 0.032400f, 0.496000f },		// 207
	{ 0.229900f, 0.244300f, 0.033800f, 0.492000f },		// 208
	{ 0.234600f, 0.242200f, 0.035200f, 0.488000f },		// 209
	{ 0.239300f, 0.240100f, 0.036600f, 0.484000f },		// 210
	{ 0.244000f, 0.238000f, 0.038000f, 0.480000f },		// 211
	{ 0.238670f, 0.244000f, 0.043167f, 0.474163f },		// 212
	{ 0.233330f, 0.250000f, 0.048333f, 0.468337f },		// 213
	{ 0.228000f, 0.256000f, 0.053500f, 0.462500f },		// 214
	{ 0.222670f, 0.262000f, 0.058667f, 0.456663f },		// 215
	{ 0.217330f, 0.268000f, 0.063833f, 0.450837f },		// 216
	{ 0.212000f, 0.274000f, 0.069000f, 0.445000f },		// 217
	{ 0.206670f, 0.280000f, 0.074167f, 0.439163f },		// 218
	{ 0.201330f, 0.286000f, 0.079333f, 0.433337f },		// 219
	{ 0.196000f, 0.292000f, 0.084500f, 0.427500f },		// 220
	{ 0.190670f, 0.298000f, 0.089667f, 0.421663f },		// 221
	{ 0.185330f, 0.304000f, 0.094833f, 0.415837f },		// 222
	{ 0.180000f, 0.310000f, 0.100000f, 0.410000f },		// 223
	{ 0.191600f, 0.291400f, 0.098800f, 0.418200f },		// 224
	{ 0.203200f, 0.272800f, 0.097600f, 0.426400f },		// 225
	{ 0.214800f, 0.254200f, 0.096400f, 0.434600f },		// 226
	{ 0.226400f, 0.235600f, 0.095200f, 0.442800f },		// 227
	{ 0.238000f, 0.217000f, 0.094000f, 0.451000f },		// 228
	{ 0.249600f, 0.198400f, 0.092800f, 0.459200f },		// 229
	{ 0.261200f, 0.179800f, 0.091600f, 0.467400f },		// 230
	{ 0.272800f, 0.161200f, 0.090400f, 0.475600f },		// 231
	{ 0.284400f, 0.142600f, 0.089200f, 0.483800f },		// 232
	{ 0.296000f, 0.124000f, 0.088000f, 0.492000f },		// 233
	{ 0.301000f, 0.126670f, 0.089333f, 0.482997f },		// 234
	{ 0.306000f, 0.129330f, 0.090667f, 0.474003f },		// 235
	{ 0.311000f, 0.132000f, 0.092000f, 0.465000f },		// 236
	{ 0.316000f, 0.134670f, 0.093333f, 0.455997f },		// 237
	{ 0.321000f, 0.137330f, 0.094667f, 0.447003f },		// 238
	{ 0.326000f, 0.140000f, 0.096000f, 0.438000f },		// 239
	{ 0.331000f, 0.142670f, 0.097333f, 0.428997f },		// 240
	{ 0.336000f, 0.145330f, 0.098667f, 0.420003f },		// 241
	{ 0.341000f, 0.148000f, 0.100000f, 0.411000f },		// 242
	{ 0.346000f, 0.150670f, 0.101330f, 0.402000f },		// 243
	{ 0.351000f, 0.153330f, 0.102670f, 0.393000f },		// 244
	{ 0.356000f, 0.156000f, 0.104000f, 0.384000f },		// 245
	{ 0.364580f, 0.169380f, 0.087292f, 0.378748f },		// 246
	{ 0.373170f, 0.182750f, 0.070583f, 0.373497f },		// 247
	{ 0.381750f, 0.196130f, 0.053875f, 0.368245f },		// 248
	{ 0.390330f, 0.209500f, 0.037167f, 0.363003f },		// 249
	{ 0.398920f, 0.222870f, 0.020458f, 0.357752f },		// 250
	{ 0.407500f, 0.236250f, 0.003750f, 0.352500f },		// 251
	{ 0.430000f, 0.235000f, 0.005000f, 0.330000f },		// 252
	{ 0.492500f, 0.260000f, 0.080000f, 0.167500f },		// 253
	{ 0.555000f, 0.255000f, 0.015000f, 0.175000f },		// 254
	{ 0.555000f, 0.255000f, 0.015000f, 0.175000f }		// 255
};

/// Noise threshold modulation intensity that match the "standard" diffusion coefficients to break regular structures on critical mid-tones.
/// Noise threshold(tone) = STANDARD_NOISE_MODULATION_INTENSITY[tone] * random(-0.5, 0.5)
/// Calibration and meaning are similar to that found in:
///		Zhou, B., and Fang, X.  2003.  Improving mid-tone quality of variable-coefficient error diffusion using threshold modulation.
///		ACM Transactions on Graphics 22, 3, 437-444.
const float STANDARD_NOISE_MODULATION_INTENSITY[NUM_TONE] = {
	0.000000f, 0.000000f, 0.000000f, 0.000000f, 0.000000f, 0.000000f, 0.000000f, 0.000000f, 0.000000f, 0.000000f, 0.000000f, 0.000000f, 0.000000f, 0.000000f, 0.000000f,0.000000f,
	0.000000f, 0.000000f, 0.000000f, 0.000000f, 0.000000f, 0.000000f, 0.000000f, 0.013875f, 0.027750f, 0.041625f, 0.055500f, 0.069375f, 0.083250f, 0.097125f, 0.111000f,0.124875f,
	0.138750f, 0.134270f, 0.129790f, 0.125315f, 0.120835f, 0.116355f, 0.111875f, 0.107395f, 0.102915f, 0.098440f, 0.093960f, 0.089480f, 0.085000f, 0.103500f, 0.122000f,0.140500f,
	0.159000f, 0.177500f, 0.196000f, 0.214500f, 0.233000f, 0.251500f, 0.270000f, 0.288500f, 0.307000f, 0.325500f, 0.344000f, 0.362500f, 0.381000f, 0.399500f, 0.418000f,0.436500f,
	0.455000f, 0.437500f, 0.428750f, 0.420000f, 0.411250f, 0.402500f, 0.393750f, 0.385000f, 0.385000f, 0.281000f, 0.229000f, 0.177000f, 0.125000f, 0.125000f, 0.093750f,0.078125f,
	0.062500f, 0.046875f, 0.031250f, 0.015625f, 0.000000f, 0.000000f, 0.012000f, 0.018000f, 0.024000f, 0.030000f, 0.036000f, 0.042000f, 0.048000f, 0.054000f, 0.060000f,0.060000f,
	0.082500f, 0.093750f, 0.105000f, 0.116250f, 0.127500f, 0.138750f, 0.150000f, 0.090000f, 0.060000f, 0.030000f, 0.000000f, 0.000000f, 0.000000f, 0.000000f, 0.000000f,0.000000f,
	0.000000f, 0.050000f, 0.075000f, 0.100000f, 0.125000f, 0.150000f, 0.175000f, 0.200000f, 0.225000f, 0.250000f, 0.275000f, 0.300000f, 0.325000f, 0.350000f, 0.375000f,0.375000f,
	0.375000f, 0.375000f, 0.350000f, 0.325000f, 0.300000f, 0.275000f, 0.250000f, 0.225000f, 0.200000f, 0.175000f, 0.150000f, 0.125000f, 0.100000f, 0.075000f, 0.050000f,0.000000f,
	0.000000f, 0.000000f, 0.000000f, 0.000000f, 0.000000f, 0.000000f, 0.030000f, 0.060000f, 0.090000f, 0.150000f, 0.138750f, 0.127500f, 0.116250f, 0.105000f, 0.093750f,0.082500f,
	0.060000f, 0.060000f, 0.054000f, 0.048000f, 0.042000f, 0.036000f, 0.030000f, 0.024000f, 0.018000f, 0.012000f, 0.000000f, 0.000000f, 0.015625f, 0.031250f, 0.046875f,0.062500f,
	0.078125f, 0.093750f, 0.125000f, 0.125000f, 0.177000f, 0.229000f, 0.281000f, 0.385000f, 0.385000f, 0.393750f, 0.402500f, 0.411250f, 0.420000f, 0.428750f, 0.437500f,0.455000f,
	0.436500f, 0.418000f, 0.399500f, 0.381000f, 0.362500f, 0.344000f, 0.325500f, 0.307000f, 0.288500f, 0.270000f, 0.251500f, 0.233000f, 0.214500f, 0.196000f, 0.177500f,0.159000f,
	0.140500f, 0.122000f, 0.103500f, 0.085000f, 0.089480f, 0.093960f, 0.098440f, 0.102915f, 0.107395f, 0.111875f, 0.116355f, 0.120835f, 0.125315f, 0.129790f, 0.134270f,0.138750f,
	0.124875f, 0.111000f, 0.097125f, 0.083250f, 0.069375f, 0.055500f, 0.041625f, 0.027750f, 0.013875f, 0.000000f, 0.000000f, 0.000000f, 0.000000f, 0.000000f, 0.000000f,0.000000f,
	0.000000f, 0.000000f, 0.000000f, 0.000000f, 0.000000f, 0.000000f, 0.000000f, 0.000000f, 0.000000f, 0.000000f, 0.000000f, 0.000000f, 0.000000f, 0.000000f, 0.000000f,0.000000f,
};

#endif	// !defined(_SAED__CALIBSTD_H_)

